0
2
0
0
0
0
2
1
0
0
2
0
0
2
10
0
0
1
1
4
0
4
0
2
0
0
0
0
0
0
3
0
0
1
0
0
1
0
0
0
0
1
6
1
0
0
0
0
0
1
0
0
0
0
0
0
17
0
0
0
5
0
0
0
0
1
2
1
0
13
0
1
0
1
0
0
0
0
3
0
0
0
0
0
0
0
0
0
0
0
2
2
0
0
1
0
0
0
0
0
39
0
0
0
1
0
0
4
0
1
0
0
0
1
0
0
1
0
1
0
0
0
2
1
0
1
0
0
2
0
0
0
0
0
0
0
1
0
0
0
1
0
0
0
0
1
0
0
0
1
0
3
0
1
0
0
0
1
1
0
3
0
1
0
6
0
0
0
0
1
2
0
0
4
0
0
0
2
0
0
0
1
0
1
1
2
0
4
1
1
2
1
0
0
1
1
0
0
0
0
1
1
0
0
2
1
0
0
1
0
0
3
1
21
0
0
0
0
0
5
4
0
0
0
0
6
16
0
0
0
0
1
1
0
0
0
1
0
1
1
1
1
4
0
0
1
0
0
0
2
0
0
6
0
